0.1975
0.3626
0.0653
0.0606
0.3446
0.1701
0.0295
0.2245
0.2677
0.0
0.1357
0.2998
0.3010
0.0764
0.2187
0.3428
0.1899
0.1396
0.3281
0.1284
0.4712
0.4384
0.6663
0.3826
0.4544
0.4354
0.4057
0.4192
0.3677
0.3934
0.3837
0.3819
0.4349
0.4518
0.4261
0.4544
0.4354
0.4428
0.4841
0.4621
1.4805
1.7061
1.5210
1.4817
1.6846
1.6751
1.5768
1.8002
1.4591
1.7537
1.4992
1.8103
1.4969
1.5893
1.4987
1.5777
1.4812
1.5379
1.5025
1.4839
0.8374
0.8500
0.8298
0.8076
0.9098
0.8366
0.8385
0.9138
0.8211
0.8671
0.8479
0.9016
0.8428
0.8680
0.8440
0.9233
0.8641
0.8819
0.8706
0.9294
