106434
91419
120219
120741
92946
109158
124252
103821
99767
127669
112669
96869
96755
118995
104375
93100
107175
112264
94373
113433
82717
85260
69116
89749
84008
85489
87863
86779
90994
88864
89661
89802
85534
84213
86225
84008
85489
84908
81743
83417
32649
26524
31456
32615
27056
27293
29879
24322
33301
25386
32093
24098
32161
29538
32107
29855
32630
30969
31995
32548
59037
58354
59453
60679
55229
59080
58975
55026
59929
57446
58471
55647
58742
57395
58680
54546
57604
56665
57259
54243

considera o valor de fluxo 127669 como magnitude 0, usando a fórmula m2-m1= -2,5*log(f2/f1)
